23 2
101 3
368 4
4 4
17 3
26 3
242 3
58 2
168 4
63 3
185 1
145 2
20 3
498 1
85 3
22 3
112 3
485 1
21 3
36 4
76 3
10 3
48 4
5 4
497 1
403 1
437 1
47 3
177 3
208 2
24 3
11 4
260 0
149 0
221 2
27 4
12 3
109 1
14 2
8 3
9 4
127 3
158 3
254 2
3 4
72 3
45 3
170 1
7 2
193 1
56 1
67 4
317 4
230 1
19 3
13 4
30 3
104 3
1 3
28 3
207 3
107 3
148 2
162 4
29 3
111 3
54 3
38 3
240 3
32 4
15 3
329 4
31 3
61 3
190 3
484 1
66 4
179 3
37 3
64 4
416 1
70 4
2 3
367 3
300 1
419 3
324 2
395 1
441 1
483 1
40 3
18 3
6 2
62 3
153 3
25 3
110 4
68 3
16 3
276 3
247 2
90 3
186 4
86 4
95 3
96 3
50 4
51 3
182 4
91 3
138 3
133 3
78 3
139 3
115 0
39 4
81 3
396 1
370 4
33 4
492 1
490 4
330 1
161 4
493 1
444 1
226 3
337 3
436 1
192 2
401 1
348 1
266 0
34 4
309 2
165 3
411 1
57 3
225 2
350 1
373 2
334 4
257 0
445 1
380 3
183 3
42 3
89 3
195 2
88 3
41 3
122 2
43 4
443 1
35 4
75 2
355 1
359 2
171 2
44 4
313 1
172 2
69 4
129 3
53 2
460 2
223 2
117 3
442 1
74 3
65 3
87 3
386 1
73 2
361 4
59 4
49 4
356 1
390 2
188 3
204 0
120 3
393 3
159 2
79 3
205 4
137 3
99 3
84 3
124 4
392 2
391 3
426 2
55 3
410 1
496 1
354 1
123 3
469 3
375 2
341 3
176 4
415 1
52 3
71 3
126 4
271 2
347 2
106 3
217 3
92 3
371 0
46 4
387 0
290 2
282 3
196 3
187 4
128 3
451 1
476 0
164 2
472 1
353 1
413 3
292 2
132 3
141 3
180 3
402 1
488 1
455 2
232 2
268 2
397 1
308 2
113 4
198 4
327 0
398 4
224 3
77 3
345 3
435 1
243 4
418 1
227 2
284 2
374 3
340 2
103 3
304 2
301 4
105 4
150 3
231 3
296 3
489 1
143 3
100 3
140 3
256 4
394 1
333 3
275 2
233 1
479 3
248 1
146 2
157 3
116 3
332 0
178 3
94 3
487 1
154 2
420 3
214 4
448 4
344 4
114 4
234 4
119 3
82 4
125 4
173 3
175 2
423 3
454 1
388 2
152 3
473 4
142 3
331 1
215 4
213 4
286 3
316 2
244 2
429 3
238 2
80 4
452 0
417 2
156 3
97 3
261 3
118 3
283 3
351 1
293 3
447 1
60 4
314 3
235 3
93 3
222 1
482 2
362 1
200 3
474 2
203 3
265 2
160 2
259 4
174 3
405 1
407 2
144 3
251 4
147 3
433 1
130 4
209 4
263 2
181 4
189 3
274 3
494 4
298 4
369 4
468 0
219 4
121 4
449 1
312 2
495 4
465 2
412 3
406 2
210 4
343 3
480 2
98 4
191 3
197 4
228 3
287 1
486 3
335 3
422 3
252 4
328 3
108 4
491 1
302 4
321 2
381 3
322 2
194 3
349 1
220 3
450 1
336 3
184 3
281 3
431 2
320 3
255 4
134 3
456 1
166 3
318 0
414 3
470 2
102 4
136 3
202 4
229 3
211 3
131 3
169 2
438 2
364 2
440 4
288 2
135 2
250 0
272 2
206 3
216 1
262 1
339 4
383 3
458 4
323 3
453 3
409 4
167 2
83 4
280 2
264 3
151 3
377 2
289 2
267 0
389 2
428 3
246 2
342 2
439 2
421 2
446 2
295 4
360 2
378 4
384 3
270 4
249 2
424 3
218 3
404 2
199 2
400 3
306 2
466 2
385 2
376 4
457 2
425 3
239 3
382 3
155 3
459 2
464 2
285 2
399 3
475 2
245 2
432 2
294 2
326 3
163 4
346 2
201 2
315 2
212 3
241 4
279 3
462 3
297 4
236 3
277 3
408 3
237 0
278 4
303 3
372 2
365 3
358 3
325 4
379 3
434 3
366 3
357 4
461 3
311 4
481 3
273 3
258 4
299 3
427 2
430 2
352 4
363 0
269 4
310 2
471 2
463 3
467 4
499 4
291 4
338 4
500 4
319 3
478 3
305 3
477 2
