36 1
2201 3
1592 1
120 4
1197 2
1941 5
978 5
88 2
2232 0
1300 1
1307 2
2559 5
187 2
2230 1
157 1
1354 6
1176 6
744 0
793 0
359 1
2617 2
296 2
0 5
1687 3
516 5
399 1
2263 5
801 6
745 1
2374 1
426 2
15 1
2151 2
1972 5
640 2
2280 0
407 1
204 1
1287 5
1684 2
1869 3
591 2
2354 2
1350 5
845 5
1534 6
2650 1
822 2
422 0
392 1
1249 4
125 1
1062 5
1121 6
817 6
2165 4
433 5
1178 4
2618 2
401 5
2327 5
565 3
747 1
163 0
884 2
1054 4
1625 0
430 2
1813 0
904 6
62 5
1744 6
2028 2
2331 1
1432 0
476 5
1558 0
136 2
1882 6
1060 0
2338 2
168 4
260 5
1570 2
2683 1
1347 5
623 5
1629 5
2706 6
1521 2
2150 5
1241 5
188 4
1610 1
2307 1
2657 2
673 5
1855 6
2504 4
2015 5
2521 0
1095 2
986 2
477 3
1366 1
1529 3
525 5
161 5
581 6
7 2
905 5
129 4
1469 2
2564 0
1644 2
415 4
2303 6
2353 4
254 1
2562 1
709 5
411 5
857 6
66 6
2520 6
935 4
258 2
2221 3
1646 0
14 5
1573 0
1233 6
2326 3
613 5
570 5
2204 0
63 3
197 3
2397 5
648 5
2691 5
1506 5
1628 0
1425 5
252 3
548 3
2600 4
773 3
657 3
2361 4
756 5
2277 4
983 2
1098 4
117 5
1114 0
1259 2
1825 1
2658 3
1999 1
2499 1
1451 5
457 6
2114 1
772 5
1597 6
2074 2
616 2
2187 5
2582 1
2438 2
207 3
823 1
305 3
2428 2
758 0
304 1
1165 2
507 2
1240 5
885 2
1530 0
1053 2
954 1
2549 5
965 0
2652 5
1905 0
417 1
1806 1
1807 0
2179 3
569 2
1433 2
687 1
1676 3
2619 1
2182 2
972 5
2689 1
414 2
2670 1
611 1
1383 5
785 2
635 2
585 2
364 5
74 1
2025 6
1222 5
2342 2
1162 5
154 1
686 2
115 6
466 3
1755 1
1447 3
1486 2
1404 4
791 2
1692 2
142 1
1198 2
576 5
1272 5
1955 5
250 1
862 2
84 5
643 6
680 1
1126 6
2298 0
1770 5
2450 6
894 5
1623 5
523 3
2030 0
826 2
777 6
427 1
1810 1
1564 1
1431 2
524 2
2107 5
1682 6
213 3
2049 1
1188 6
1084 2
1028 1
1464 5
2077 0
1845 5
1323 5
2666 3
1172 5
1827 2
1349 5
600 1
1476 4
2034 5
1949 5
2175 4
1545 5
82 3
660 2
389 5
1793 0
1460 2
1757 3
552 3
911 2
2453 1
1070 0
872 5
1525 5
8 5
1282 5
1265 1
1491 5
698 2
219 4
1327 2
1909 2
2363 4
2369 2
2583 2
1068 1
853 2
308 2
2042 2
1877 6
1015 5
1332 0
140 2
588 3
119 2
81 5
1139 0
582 6
1292 6
1829 5
2112 5
1283 1
956 4
314 2
1113 0
1956 5
2421 1
2227 1
1182 2
495 5
468 6
18 1
1237 2
847 2
2436 5
184 5
2688 4
2131 0
2427 2
141 4
1817 5
595 1
839 5
638 2
2601 5
1954 5
1894 5
2260 1
898 3
2494 6
2084 2
459 2
2206 4
1886 1
1440 3
2223 5
2466 2
1223 2
1540 3
995 4
1051 1
1694 0
1006 3
294 3
492 3
1700 1
559 3
2190 5
1634 1
2212 5
344 2
2545 0
283 3
2284 2
31 1
2413 1
1136 0
636 3
2693 5
1183 3
1358 2
1670 0
2405 1
1378 3
2500 1
748 5
1436 5
2141 5
667 1
2642 3
1155 2
1920 5
749 3
753 2
2426 2
482 6
1606 2
566 3
1268 5
1184 4
771 1
57 3
2306 1
398 5
1512 2
821 1
1686 2
755 4
438 2
966 0
1079 1
2216 4
1055 1
2290 2
2543 2
2484 2
347 5
519 1
1231 4
1957 3
22 4
1263 2
589 5
1044 5
310 1
1160 5
1989 5
560 1
760 2
412 3
1858 5
2085 1
2659 0
249 5
1246 1
731 1
2575 1
1245 5
675 2
1495 4
1805 5
1546 3
2527 5
1657 2
2061 6
1504 6
2492 5
2007 5
1457 2
1328 2
2014 3
1854 6
1639 5
376 5
976 5
2485 3
1150 5
819 6
846 4
741 1
2529 6
109 2
626 1
1562 1
1168 5
71 3
261 1
103 3
1881 6
1243 5
1995 5
96 2
2185 5
275 5
107 5
362 1
1484 2
1617 2
1549 5
146 1
1219 0
1458 5
1256 2
1333 0
162 3
2508 2
1784 4
1442 2
2320 5
583 6
1321 5
572 1
575 3
185 5
900 2
1215 6
378 2
2202 0
1414 5
504 6
1073 2
486 6
280 5
416 6
102 2
1535 6
42 4
1022 5
2281 4
1550 5
1766 1
396 2
2360 2
350 1
1297 2
61 5
1364 2
331 1
1595 2
2120 6
743 0
1488 1
286 2
175 1
223 2
2215 2
2188 5
155 5
799 6
716 1
2649 5
2561 5
1543 5
1296 2
1216 0
270 5
2218 1
633 3
1171 1
281 3
879 1
2138 1
763 1
2579 1
967 2
2384 5
775 3
2164 0
1747 5
1663 1
1391 5
2373 1
1313 5
2275 5
1603 0
1335 2
366 5
2226 4
1846 3
2552 1
429 2
1933 5
1771 0
2040 5
1915 5
1498 6
418 2
2588 5
2442 3
2704 4
730 1
1420 6
2126 2
500 4
231 6
2147 1
1376 3
836 2
2372 6
881 1
2556 6
2606 1
536 5
2435 5
1305 0
1832 4
101 1
865 6
1631 4
2707 1
2407 4
2339 2
766 1
2609 2
1616 3
2334 4
1303 0
2173 4
126 6
1596 2
2387 5
1036 4
202 1
2059 5
169 5
2491 5
1217 5
1138 6
1699 6
1110 0
337 0
1787 1
931 2
2296 0
86 5
245 2
1527 5
2078 3
1847 5
652 5
874 5
1964 2
1099 4
19 1
2087 4
539 6
1380 0
806 6
1536 0
342 5
2523 5
1072 5
2341 3
2673 0
2685 2
1426 6
301 1
1386 2
2367 2
622 1
1689 4
1083 5
2459 1
1788 5
1553 3
192 5
824 6
2257 4
43 1
2532 1
1927 5
1153 0
952 5
383 2
683 2
445 2
2627 2
212 5
420 5
2697 5
1485 0
1914 1
2629 3
2591 2
798 2
312 1
605 1
1511 1
1939 1
948 5
2268 5
1069 0
2489 6
2695 2
2282 2
2393 0
1011 2
1975 3
299 2
1651 2
717 0
1569 2
1650 0
1857 1
180 5
808 1
2563 4
2079 2
691 3
1749 5
1318 1
2690 2
1647 5
2100 5
1940 4
1871 1
1030 0
1505 6
1533 4
1510 2
1622 2
23 6
78 1
1759 5
1339 2
1993 5
2425 3
776 5
634 2
505 1
1507 6
461 1
1273 2
1058 5
193 1
1428 2
135 2
2375 1
1132 2
1461 1
2430 3
1729 0
1542 6
714 0
2053 2
751 2
1672 1
729 5
2018 3
1190 5
2434 5
289 6
2680 1
1351 0
104 1
1556 6
814 5
1577 0
1293 2
2101 4
619 5
1290 2
784 5
2291 2
456 2
76 1
217 1
158 5
1703 1
1032 2
1814 5
1080 5
671 3
34 3
1613 5
199 2
1516 0
1851 5
809 5
549 2
882 3
1958 4
189 4
1148 6
453 2
531 5
272 5
834 5
238 1
318 2
1230 4
1860 3
2266 1
324 5
508 3
1322 2
759 5
985 2
1908 2
1166 5
1620 2
947 2
1123 6
1203 5
2510 6
726 1
1607 2
1697 3
2092 2
2473 3
2605 3
1218 0
1140 0
2458 1
641 2
24 3
288 6
578 6
816 1
10 1
615 5
2021 1
792 2
2220 4
2292 5
1566 5
2082 0
1187 2
999 5
1192 3
2482 6
2555 2
1582 2
1898 5
1149 5
2677 2
1838 6
1266 2
2479 0
1081 2
1502 5
38 4
2037 2
590 6
1645 3
2577 2
2644 5
1985 4
719 1
672 2
2251 0
465 3
1792 0
802 6
1459 3
558 5
892 6
1186 3
1050 1
738 3
1353 4
121 1
365 6
230 1
402 4
2130 0
460 3
2118 3
2270 1
1326 5
348 2
639 1
1401 3
1600 1
2366 1
2590 5
598 5
1537 6
1441 0
2276 6
2349 5
2598 4
1363 2
2127 2
838 5
520 1
2653 2
2503 5
764 0
1275 2
2060 6
2511 5
1174 2
703 1
1725 1
712 4
1718 1
2321 5
145 0
1822 1
2452 1
1593 1
2684 5
1177 2
132 0
92 3
868 3
203 1
1009 4
832 1
827 5
307 5
1601 2
2696 2
2192 2
1127 0
2440 2
237 0
762 2
2153 6
1929 5
1270 2
2246 2
724 1
1745 4
2470 4
1147 5
2285 1
1211 5
1004 2
811 0
2530 2
1038 1
574 2
480 1
2380 6
663 0
563 4
2329 2
2621 5
893 2
94 5
247 4
2322 1
1161 2
1605 5
1047 6
287 2
1649 3
592 5
1572 0
2392 4
658 0
309 0
1301 2
1598 4
2108 5
1048 5
1343 2
458 1
1206 4
579 1
2437 1
2422 1
1656 1
2634 2
733 3
914 5
820 1
1134 4
779 1
1980 0
1707 6
1765 5
268 2
503 0
2506 1
400 2
2480 3
734 3
1042 5
1608 2
2465 2
1144 5
696 1
1674 6
1261 4
1119 1
485 5
2022 6
2323 3
148 3
510 5
143 5
2057 2
2501 1
2128 0
637 5
1067 5
998 5
2415 2
2379 4
29 2
2622 2
1517 5
2065 4
471 3
1790 3
1385 6
2026 1
1713 6
632 2
2573 5
423 5
1212 6
2090 2
1285 6
2401 5
2614 2
2519 5
1429 2
1864 6
580 6
1612 5
1816 3
910 0
1007 2
1104 2
2477 5
2568 6
2265 0
1124 2
1746 5
1812 2
295 3
1716 6
1879 1
256 2
2538 1
1199 5
991 6
1220 2
1499 1
1875 5
2548 2
1013 5
1560 2
854 4
1094 1
807 3
1393 5
1227 2
1977 6
2225 2
1329 2
915 5
346 0
1988 5
818 6
1828 3
564 3
1501 5
1906 1
54 3
99 5
322 2
2330 4
1769 4
2378 1
5 3
2540 1
1071 6
647 5
2076 5
1205 0
1025 2
1234 2
537 4
740 2
895 5
1998 5
278 5
655 1
2167 5
2576 1
1277 4
2261 4
1935 1
1251 1
489 1
2308 5
1706 6
439 5
2546 5
328 1
1795 5
2639 5
134 3
1969 4
804 3
56 2
1061 2
2091 2
2675 2
945 5
1544 0
1078 5
1789 5
475 4
1409 4
1714 1
535 2
2183 5
2096 5
80 1
432 5
2193 4
541 6
179 1
1141 5
650 3
656 3
1741 3
2412 1
2348 5
1756 4
2396 4
869 1
2289 5
2066 6
2003 1
123 5
2035 6
1264 4
116 2
1959 2
1928 1
340 5
1668 1
133 1
2072 1
349 1
848 2
2337 1
1142 0
866 1
2102 4
1791 3
2665 5
522 5
1309 5
2676 1
1862 2
727 0
943 0
783 2
2189 5
506 2
1567 2
2674 1
434 2
70 2
1780 5
1852 5
330 1
2592 5
1117 0
363 0
173 3
2391 2
201 1
501 0
2259 4
1092 2
2309 4
208 2
1046 6
993 5
1310 1
490 3
11 0
1698 2
1312 2
406 3
1632 3
282 5
1986 2
37 0
2596 1
2512 5
1424 0
1479 2
1373 1
2694 5
2429 4
1557 3
625 1
478 2
2104 4
567 3
1727 3
828 2
1057 2
177 2
345 1
269 3
2418 5
144 4
1355 6
2517 4
2490 0
1493 1
1167 0
1281 5
2557 0
1037 1
2481 5
2612 1
2264 5
1859 3
2311 5
681 4
2531 5
1271 2
936 4
1421 1
1090 5
2455 2
1027 2
1348 6
1704 1
1588 4
2248 0
1473 4
701 2
2646 4
1252 1
1637 1
2301 5
2584 5
1091 5
239 3
2106 5
1974 1
1035 0
1809 2
68 3
463 3
2247 5
25 2
45 3
940 4
1017 1
1253 0
1782 3
183 6
2593 2
1260 2
72 1
2166 5
2199 4
1274 0
1415 5
1992 6
2661 5
195 5
1010 2
2409 2
2637 5
841 5
1715 0
467 5
48 5
1346 5
1524 5
341 5
419 5
215 6
1738 4
1208 2
1863 2
659 0
1642 2
577 5
2181 5
1519 2
190 5
1423 2
2228 1
2604 4
685 1
788 3
73 1
388 5
356 5
851 5
1751 5
1717 0
1089 6
1548 1
1591 1
2134 5
1503 5
41 6
928 2
214 1
410 3
2667 4
1733 5
1405 1
2383 1
1621 6
2359 6
2628 3
1764 5
1158 5
617 6
2146 2
2243 6
1580 0
46 1
858 3
661 1
612 6
2594 1
405 5
2497 5
1594 0
919 5
1395 5
253 4
1824 2
517 2
668 1
130 2
645 5
2208 6
728 0
1926 5
1891 5
2011 2
2487 2
1082 2
1467 0
2094 0
1381 5
178 2
1368 6
355 1
290 4
1931 4
1761 6
934 4
2457 0
100 0
562 3
1865 5
26 1
1910 1
2333 2
1341 5
556 2
1554 6
2110 5
1636 2
2376 1
1604 5
1726 2
1724 1
28 1
1696 0
2148 5
2692 6
447 5
1983 3
1315 1
608 1
1232 4
210 3
1118 3
1105 2
218 2
469 1
2389 1
1435 1
1523 0
2350 5
375 2
1437 1
1487 2
718 1
1225 0
265 0
1990 1
1191 2
4 1
2098 2
1481 3
1843 6
1614 5
674 1
317 3
2678 1
1804 5
662 1
1520 5
1584 2
2295 1
2541 2
479 2
1422 2
1897 2
2219 6
2097 5
594 6
1336 2
1583 0
2293 5
1250 1
1019 2
955 2
1374 1
922 6
435 5
889 6
1314 3
2498 1
2345 2
200 5
2006 2
761 2
971 5
2518 0
1242 5
957 2
50 6
1950 4
1774 5
2191 1
1539 2
2513 1
2347 0
1984 4
1286 0
1648 6
391 1
1918 2
2595 1
60 3
1278 6
970 3
1288 5
2046 1
630 5
1967 1
2245 1
13 6
1500 2
2431 2
942 0
923 6
1937 5
259 6
44 2
2357 1
1221 4
1679 2
610 1
1122 6
160 1
812 5
2703 4
1739 2
473 3
2475 2
702 5
1308 5
1965 4
1111 2
1802 5
1043 5
2063 5
251 6
53 0
1997 5
1763 1
1244 2
1224 0
1924 5
2133 4
1532 5
2416 5
2682 5
75 6
2272 6
1783 5
1408 4
787 1
1419 5
1330 0
285 6
454 6
1762 5
678 5
382 2
1115 1
912 5
1016 0
1575 0
689 0
815 0
1269 2
2365 5
2210 2
2121 5
876 2
1873 5
1492 1
1052 1
292 6
472 3
1295 5
243 0
2444 4
1257 4
2662 1
1049 2
877 2
1483 6
2355 1
2464 5
380 4
705 5
1760 1
774 1
1345 6
873 5
95 5
2509 2
2152 4
1701 1
2056 1
721 4
939 5
484 1
1207 0
1248 3
2616 2
627 2
2315 2
770 5
2669 1
1925 4
1413 2
693 5
1298 5
2471 2
444 6
2142 5
1125 6
2660 5
1196 1
240 5
339 5
1418 1
1643 3
1238 2
1455 0
1112 2
1375 1
326 5
1555 5
1730 4
1528 2
491 6
561 1
21 3
739 3
1475 6
1181 2
513 5
916 1
1561 2
1033 2
554 3
720 2
12 5
990 5
379 5
353 1
1934 5
1919 2
1818 5
2446 4
2031 2
1470 1
1563 0
244 3
1024 2
786 2
620 1
649 6
1490 5
172 2
1463 1
182 6
1195 5
528 6
2105 5
624 0
1448 6
833 0
1204 4
2580 2
908 6
1815 1
1655 5
2039 0
1948 5
1228 3
746 5
2643 4
368 1
2067 0
2162 1
1721 2
1971 4
1571 0
2424 2
371 1
1732 1
607 2
2558 5
938 0
1320 1
2316 0
737 1
1003 2
2240 5
2483 2
1581 0
603 6
2157 6
1389 1
226 6
587 1
2271 4
1907 5
1446 5
1916 1
277 3
1973 0
2537 3
1159 0
2137 2
381 2
1398 4
1735 2
962 1
2237 0
138 5
206 5
2478 4
98 2
1799 0
509 2
2258 1
3 3
2196 4
2631 5
1842 3
274 3
334 2
2174 3
1994 5
946 1
1480 2
538 4
1665 6
152 0
2239 1
30 6
1917 0
849 5
1239 6
2656 6
2161 5
695 1
736 1
1474 4
909 5
321 3
395 4
902 0
2109 5
1116 1
198 1
1369 0
2525 5
2044 1
1093 1
171 2
2016 5
2008 6
1120 5
1146 1
1953 5
1096 0
2099 2
122 1
1185 2
1356 2
1720 5
1526 5
880 0
1086 5
59 5
1508 1
609 1
1618 2
332 5
2381 4
1874 5
2607 2
1551 5
1452 1
2068 1
1981 5
2514 5
2234 6
2002 6
1743 2
2140 5
1565 1
870 3
1334 0
300 6
2551 3
1932 1
2155 2
108 5
601 3
1074 2
684 5
2587 2
2698 5
1235 2
2262 5
2009 5
97 5
2299 6
2536 3
1930 5
1456 2
2394 2
584 1
2168 2
2209 3
1664 3
55 4
1641 5
694 1
1342 1
431 2
298 3
700 1
2017 2
901 6
1254 5
2423 2
1065 4
555 2
2388 1
2625 1
1443 3
960 2
1317 6
2186 5
390 0
1023 6
137 5
1737 4
2701 5
2132 5
951 3
1394 2
996 5
796 5
2496 1
306 3
2395 5
1338 5
464 5
2113 5
52 2
2569 1
1922 5
1831 4
327 5
2214 1
2469 5
1101 2
981 0
2567 1
1913 5
1449 2
357 0
2117 5
2312 2
958 4
2571 4
1961 5
1357 1
284 6
2279 1
1574 1
2611 1
1154 6
2439 1
228 2
2088 5
224 2
2081 1
878 5
2654 1
906 1
2586 5
227 2
221 6
1893 2
2274 0
386 1
2474 5
20 2
1681 5
2565 6
2420 5
2062 6
1798 5
502 3
2253 2
1688 4
1794 5
953 5
529 5
1450 1
1170 2
2641 4
474 2
335 2
1129 5
1991 6
191 4
867 1
449 2
1680 6
1005 5
2163 5
2229 2
2154 5
1982 6
2410 1
1497 6
2195 2
2441 2
1379 0
545 1
987 5
1719 4
196 5
1835 2
530 0
930 5
181 1
937 2
1462 2
1370 2
553 1
2317 4
77 0
1400 2
2178 5
944 2
2005 5
1331 5
1267 2
112 1
311 3
2456 6
790 2
2507 1
2286 0
2534 5
1478 2
127 1
844 4
2454 1
496 0
1590 0
1626 2
644 3
2597 2
1018 0
781 4
1344 6
621 3
1808 2
1471 5
1772 1
688 3
441 2
1748 2
1938 5
2398 6
1173 2
1489 2
1996 6
333 3
722 2
387 1
797 3
1912 1
1800 5
1861 5
343 0
1210 6
1156 5
262 0
843 3
1200 5
1412 2
789 4
1844 5
2603 1
2156 2
604 1
1945 5
1775 0
1671 2
2125 0
377 1
397 1
2313 5
1962 2
959 0
2356 2
526 1
2300 2
2115 5
2184 6
49 6
1416 6
1611 0
2038 2
735 5
2647 3
2328 3
1552 6
1660 5
1820 1
442 2
267 2
2502 0
533 6
1012 3
1547 1
1559 3
2319 2
2050 1
1712 2
974 3
2250 4
2615 5
1944 2
917 5
2705 4
170 1
6 3
1213 3
2122 6
1691 0
1372 6
1678 2
2572 6
151 2
1311 0
232 2
1710 5
358 5
1284 2
964 0
1008 2
2318 6
1214 6
2699 6
2515 1
1796 0
1064 5
713 5
1673 0
93 5
16 3
2655 3
676 1
211 5
1377 6
1434 2
498 1
1411 5
91 1
511 1
1946 0
153 3
2032 2
2346 2
532 5
527 1
1850 0
2200 4
903 1
780 0
1635 6
795 5
2048 6
186 3
156 2
2158 6
2463 1
2624 4
1889 3
2089 0
1387 6
1151 5
1677 5
1885 1
925 5
2075 6
1786 5
2414 1
961 0
2242 1
1979 5
1781 2
373 5
1324 5
372 4
1630 5
32 6
1666 2
1306 1
803 0
2171 2
1968 1
1236 2
1904 6
1430 2
2024 1
2203 5
750 3
980 1
105 5
2632 5
408 5
1690 4
1797 4
1152 6
1226 2
2211 4
2288 5
631 2
1942 5
628 1
2310 2
164 1
704 5
571 1
899 1
1653 6
2217 2
1585 3
1135 2
2462 5
1803 5
708 1
2012 2
1137 3
1130 0
1890 0
2589 2
1752 6
2390 1
2116 0
209 4
1911 4
679 6
742 5
2294 6
1299 0
313 6
550 2
1407 2
1289 1
2443 2
1189 3
973 6
2448 1
276 5
831 2
2451 4
2386 5
2445 5
1667 3
752 6
2001 0
424 5
2249 4
950 5
2419 3
653 3
573 5
1960 5
2668 5
2324 5
692 2
118 3
606 0
47 1
711 6
2686 1
2524 5
521 2
1823 2
1541 5
1627 2
2645 6
2403 6
1258 1
2620 5
1063 0
319 2
2004 2
2553 1
2058 4
863 1
1157 1
1515 0
542 1
393 1
2408 3
2325 1
2399 6
1194 6
989 1
2 3
1900 5
920 1
540 6
757 4
297 2
451 3
1131 0
2560 6
1509 5
2681 1
1180 6
1849 5
2467 2
602 0
926 2
2149 5
2663 2
428 5
913 5
220 3
2570 1
596 2
2664 4
835 3
887 2
664 5
1397 5
1633 5
2638 0
1705 2
320 2
1830 2
2213 2
488 2
1731 6
2136 5
1619 5
1362 4
1294 5
1031 2
941 0
2411 3
860 4
1020 2
1578 2
1029 6
1454 2
2176 1
2305 3
2135 2
1888 2
323 2
2054 2
33 1
2194 5
2029 2
248 5
255 2
800 0
1304 6
87 1
654 2
150 6
963 2
2222 5
949 1
159 2
1826 0
234 1
518 1
1896 0
2170 4
2352 1
17 1
547 1
2123 6
979 1
69 6
2377 6
1723 5
1853 5
440 3
2574 1
2535 1
2231 0
1302 2
79 2
1638 0
2070 6
2255 1
725 6
266 0
929 3
1103 1
1102 6
2197 2
2648 3
1402 2
354 1
1518 0
64 6
842 3
1193 3
1365 5
1801 5
1163 6
1145 5
2080 2
425 3
927 2
2052 6
222 6
1568 2
194 5
174 0
871 1
677 1
2083 5
2702 5
452 5
830 1
167 3
2027 3
403 4
409 1
483 3
1778 1
856 0
2086 4
1466 0
236 2
1 2
794 5
302 5
597 2
1640 6
1468 2
1579 1
2019 1
1531 6
1337 2
149 6
329 0
1255 5
1034 4
2522 1
515 5
1659 1
1388 2
651 2
2269 4
2336 1
2400 1
1978 6
462 2
1587 2
242 2
2095 1
2528 5
370 3
2486 5
2608 5
352 5
367 3
2064 1
1683 3
139 4
2371 6
1728 0
810 1
707 5
1045 3
2198 2
2103 4
1445 2
2297 5
1661 2
2111 4
2238 4
147 6
840 1
1615 6
1164 2
768 5
487 4
1899 5
1403 1
90 1
850 5
2207 2
933 3
982 4
1767 0
984 5
65 0
1279 0
2672 3
665 1
2505 1
241 1
1921 4
514 2
497 2
1902 1
710 2
291 4
205 1
551 3
131 1
1963 2
264 2
263 1
1599 3
1709 5
1453 6
2343 2
360 2
1602 5
2461 5
2385 1
2626 6
1000 2
1056 1
629 6
1695 6
2177 0
883 6
1352 1
924 2
2623 1
1923 1
642 5
225 2
1742 5
2533 5
2332 4
1382 6
1866 6
864 1
1734 0
1359 2
233 1
2278 1
1884 1
1076 5
2449 6
1392 0
2144 5
2139 4
1106 0
2236 5
875 3
1821 5
1088 1
2585 2
2235 6
110 1
2630 0
1901 5
1513 2
732 2
58 5
316 2
2169 2
1319 5
446 3
1576 2
2417 1
2041 6
2160 5
1903 1
1128 5
2304 5
1740 0
618 2
2302 4
257 1
176 5
51 5
385 3
1209 6
1390 1
2460 5
1777 5
932 6
499 5
1417 5
1410 0
293 1
975 1
614 3
124 1
2033 2
2043 1
67 5
2468 2
1201 5
852 5
682 3
384 5
2119 5
886 5
2368 3
568 3
1100 5
921 1
89 2
1892 0
1360 2
2402 4
1169 2
2010 2
2370 5
1014 1
1779 1
165 5
1702 5
2547 5
888 6
2344 1
2495 5
813 0
2578 5
2542 5
1439 0
455 3
769 0
1785 0
690 2
1833 2
1586 2
2314 5
1107 2
1880 4
1087 2
1143 4
897 5
1722 5
394 1
481 2
829 1
2526 1
1589 0
1202 3
2124 1
166 6
2172 2
861 2
2252 4
1325 4
1609 2
1711 0
1754 1
2073 6
1472 5
1685 0
2472 3
646 5
421 2
825 6
2358 5
2640 6
1477 1
315 1
2241 5
271 1
1399 1
1444 2
2679 5
778 2
2335 1
279 5
1276 5
918 1
1097 5
229 1
891 5
1883 0
699 3
1001 6
1367 6
2539 2
2432 1
1868 5
351 1
593 6
1229 5
1002 6
9 2
1848 2
1522 2
586 1
2351 1
113 1
246 1
544 5
1085 6
2687 3
1987 5
2023 2
128 3
715 5
1133 1
35 3
1247 5
1662 4
907 1
1872 0
2055 1
1109 2
2602 5
859 5
2433 1
805 5
2224 5
2093 3
994 6
2013 1
1669 2
1753 5
235 1
2254 0
443 5
2180 2
114 2
1836 4
2488 1
369 1
450 1
1811 1
1878 4
1768 4
437 2
1538 1
27 5
1482 2
2256 6
1895 2
1887 1
2045 2
2516 0
2069 5
1040 6
754 2
2071 2
1976 6
2476 3
448 4
83 3
1773 5
1175 4
493 1
2550 2
2340 1
1966 1
1839 4
1936 4
1108 5
1021 5
338 2
2671 1
2636 2
374 3
669 2
85 3
1652 5
1758 1
40 2
2700 5
855 5
1870 6
1970 5
557 5
988 0
1371 0
896 6
2404 3
1876 2
2244 2
1951 5
2635 2
706 5
1280 2
1624 5
1316 3
2633 5
723 3
2267 4
39 3
1514 0
697 5
494 1
2406 3
546 0
767 2
977 2
1675 4
303 2
1077 4
837 2
2020 5
2159 5
1026 2
997 2
1952 1
1438 3
2566 5
2599 1
1179 1
1841 3
2613 1
992 6
1654 5
216 5
1776 2
2233 3
106 2
2145 3
1819 2
1736 4
1427 5
512 1
1750 5
2362 6
2447 2
1075 1
404 2
1856 6
1384 5
2036 2
1867 1
2651 5
470 2
969 1
2581 6
1494 5
1708 0
666 1
1262 2
1340 1
1834 4
1943 4
782 5
2283 1
890 1
1059 2
2554 0
111 1
2610 1
2047 4
765 0
2364 2
273 4
2493 2
534 6
1396 3
361 4
436 2
968 6
1039 6
2273 0
2205 0
1041 5
1066 1
1496 6
1658 2
1837 2
325 5
1840 4
413 1
2000 5
2287 2
1361 5
1406 2
543 6
1693 3
2051 4
2143 4
2129 1
2544 6
1291 5
1947 0
599 1
1465 6
670 6
336 1
