1782 3
278 0
1591 2
188 2
1199 0
1101 2
630 3
763 2
200 2
2139 1
1024 4
1400 2
2181 2
2312 3
2136 1
1257 3
753 5
631 3
2202 3
1467 3
1258 2
2000 0
106 5
522 3
2494 2
2803 4
2082 3
1261 3
2308 1
2589 1
2209 4
2198 1
1470 2
1247 3
380 0
2996 2
1544 1
804 2
651 4
3136 0
323 5
1056 5
1918 5
206 1
3106 0
961 2
1047 2
1227 2
2811 4
481 3
2450 2
1404 1
3046 3
1422 4
230 2
2955 2
1972 5
1450 1
1222 1
3228 2
3182 2
1982 0
2341 5
296 1
17 3
3090 2
263 1
516 2
1778 2
302 1
673 2
591 2
653 5
999 4
729 2
1379 2
661 4
1779 1
956 2
2375 2
2068 1
2948 1
353 2
1513 2
291 4
732 2
917 3
3279 1
1125 2
633 1
2717 2
3261 2
1688 3
799 5
2190 4
2092 1
1472 1
2830 2
2956 2
634 1
1826 2
437 2
748 2
3273 2
877 2
2366 1
390 3
714 2
246 5
1128 0
3064 1
1710 1
2847 4
2711 2
515 0
1430 0
1523 3
3290 1
2324 1
1380 5
995 3
313 2
447 2
122 1
3206 2
1278 2
1168 0
1025 2
1408 5
1473 5
2301 3
51 2
2002 2
314 2
2385 4
553 1
297 3
1921 3
915 0
1690 2
12 4
1394 0
3047 1
494 0
0 4
1834 2
1515 2
2688 2
777 3
752 2
1873 2
37 0
327 3
2541 1
2728 4
2051 5
2252 4
3018 1
2049 2
707 2
697 4
279 2
2454 2
2126 2
3007 2
1548 0
3100 4
1806 3
778 2
57 5
3197 3
2474 2
140 1
2795 2
1983 5
472 1
2542 2
2369 4
2884 2
2856 2
2357 1
2411 4
780 1
1900 5
2012 2
1561 1
1707 1
2696 0
14 4
660 5
3274 3
356 3
1616 2
1789 1
414 2
2815 4
3157 3
77 0
3024 2
1578 1
387 4
1628 2
213 2
1346 1
2923 1
758 0
1812 4
2599 5
2984 0
2614 2
2187 1
1132 2
2105 5
1143 5
914 4
1003 2
418 4
1732 4
588 4
960 1
2674 2
1556 2
9 3
1530 4
1912 5
844 2
1542 2
2656 2
502 5
2959 2
1906 2
880 4
2456 1
887 3
183 1
2722 4
1847 0
928 4
926 4
1356 3
499 1
1695 5
1755 2
1175 5
2080 4
1453 1
825 2
3258 2
1098 1
2526 1
3230 2
1414 0
3074 2
3084 0
2814 0
2643 2
2055 1
1038 0
3029 4
632 0
864 1
1488 3
1021 2
3229 3
2455 2
3017 4
1743 2
2334 1
1777 5
1876 1
2321 2
1344 2
1788 2
3264 2
2380 3
3207 4
136 4
2125 2
2273 2
1980 2
3196 2
2725 2
2746 1
1651 2
2677 4
461 2
146 3
1754 4
1859 2
2277 3
1634 5
1985 0
1232 0
1383 2
3120 0
179 2
2149 4
3107 4
919 4
2281 1
3211 4
2478 1
1280 2
3160 1
150 2
2072 2
1153 0
3181 3
2898 2
2223 2
483 5
2757 4
2561 4
1090 4
2302 3
31 2
3153 1
2067 2
365 2
1877 2
1078 2
2824 5
419 5
818 4
1772 2
3124 5
1524 3
1049 0
1334 4
358 3
1885 5
2090 2
482 2
3248 2
1366 2
3101 2
1895 5
1965 5
1357 2
439 4
2475 0
1051 3
2846 1
1201 5
317 3
2451 2
2892 5
352 3
691 2
1253 2
3259 5
721 2
605 4
2268 5
348 2
1037 5
2421 2
547 2
805 2
2649 1
293 4
34 2
2501 5
79 4
2924 5
2613 1
2745 0
2192 0
608 5
271 1
1689 2
1296 2
1337 1
2657 2
1844 0
1068 5
1528 2
384 1
1646 2
465 4
1822 1
738 1
1744 2
2052 2
1516 4
1382 1
770 2
2565 4
1927 3
2612 5
3093 2
2005 2
1768 4
3086 0
1381 2
450 1
1212 2
1321 2
1971 2
157 2
3283 1
275 1
2457 2
775 4
2523 4
1522 2
55 2
822 4
779 2
379 0
686 2
1360 3
1076 2
3241 2
506 2
1207 2
1862 0
2602 2
619 4
2626 2
1770 3
1975 4
617 0
1878 0
480 3
1622 3
2800 3
397 2
2430 3
2743 2
2838 5
2680 3
442 2
1006 4
657 2
425 0
1173 5
82 4
2576 4
1944 3
2443 5
685 5
1043 3
1187 1
2537 4
2947 2
2460 4
1794 5
1385 2
2359 2
1633 2
1428 4
978 2
2915 4
1272 4
2468 1
1000 4
2422 2
616 2
972 5
2166 3
723 0
2732 2
711 2
96 5
3105 2
638 2
1182 2
354 2
3027 2
1004 1
2040 4
1075 1
3311 1
895 1
417 3
1950 2
2064 0
471 4
1046 2
2903 1
848 3
382 4
1833 0
3006 0
2709 1
680 4
2829 5
1520 4
1724 1
2263 2
2872 4
1650 1
1813 4
814 2
1967 2
863 2
180 0
2425 2
2356 0
1202 4
208 2
20 1
2006 5
3089 4
2518 4
832 1
244 2
1482 0
406 5
40 1
1841 5
2723 4
1368 2
1864 3
2384 4
1820 2
3163 0
2246 2
1979 2
1989 4
1183 2
2568 5
2901 0
2071 3
128 2
1093 1
488 2
2418 2
253 2
855 1
913 2
1353 2
311 2
1839 2
2686 2
1557 4
1013 2
1569 5
2708 2
1886 1
861 2
1905 3
3045 3
94 4
1395 3
2647 2
1964 2
667 2
1731 2
901 2
1388 5
628 0
2249 4
3055 2
3257 2
2739 2
3251 0
2175 1
1937 5
810 1
1716 1
508 4
49 0
1359 4
341 1
1461 2
986 4
640 1
391 4
2439 0
3179 4
3280 2
1996 3
71 1
54 0
759 1
1411 5
868 0
489 2
2365 2
2910 4
2404 0
1787 4
108 2
252 3
276 4
2664 2
2372 2
2230 2
3200 4
2597 2
1935 2
722 1
1729 2
1268 2
1756 3
1208 2
802 4
1529 2
2409 2
1594 2
1973 1
223 0
1464 2
2707 2
1981 1
1559 5
3123 2
1504 2
170 1
2340 1
309 0
2710 2
2950 2
2174 5
44 0
2672 2
549 4
612 2
1671 3
541 1
1040 1
1194 2
2148 2
2306 4
2381 2
556 0
2909 2
3133 3
2934 4
603 4
288 1
2351 2
1630 3
405 2
1310 2
572 3
2966 5
716 0
45 3
3035 2
131 1
888 5
952 2
2479 2
1845 4
1409 2
846 3
3149 2
862 3
847 5
1861 2
1991 0
1536 0
1924 2
3043 2
876 2
2601 5
1071 5
2631 2
1439 2
2274 2
889 5
3109 0
2117 5
1213 5
2667 2
63 4
2925 1
2467 4
2721 2
1452 4
1858 2
135 0
164 2
3076 3
2520 3
315 2
696 0
1074 3
1489 4
2603 3
305 2
214 2
3189 3
2741 4
2931 2
2488 2
69 4
1298 2
3266 2
237 3
2232 2
944 4
1315 2
3021 2
86 2
3117 2
750 5
3085 0
2201 3
372 2
2037 2
2260 4
1164 1
3030 4
2536 2
2907 2
604 2
2078 0
1564 2
2196 3
171 2
2577 5
2823 4
2045 4
1674 2
2544 2
2550 2
50 0
531 1
979 3
795 3
514 3
1203 4
2718 1
2805 5
2990 0
2239 2
2087 2
355 2
1267 2
3049 2
1241 2
519 2
2637 3
884 2
893 2
905 2
1838 2
828 4
1837 4
2665 3
2585 2
951 4
2310 2
359 3
2353 3
104 2
1492 4
2581 2
2871 2
3188 1
3299 2
1127 2
627 2
2949 5
1191 2
678 4
1100 5
3142 1
2787 1
1099 4
2517 2
1667 1
112 3
260 2
839 5
1560 2
564 2
2525 2
704 4
2009 1
1119 2
3289 2
228 4
1226 1
1678 2
1300 1
940 4
3088 2
2135 0
1034 3
842 0
2256 2
1437 5
2712 5
1083 2
1135 2
2839 2
806 2
2974 2
688 0
3183 2
1848 5
3147 4
2699 2
1823 2
791 1
2960 0
586 2
2560 2
2689 2
1166 2
1683 4
2218 3
2024 5
2402 4
270 1
2969 1
3080 4
2769 2
2221 1
1326 5
2997 1
18 2
582 4
1193 1
1970 5
2584 2
1055 5
1727 3
1031 0
281 0
26 4
1700 2
505 2
793 1
2413 0
658 1
3050 5
1010 5
2832 2
581 1
2982 2
1948 4
2338 2
2885 2
2410 2
1893 2
398 2
1352 2
544 2
664 4
1679 3
874 0
698 4
1314 2
1708 1
1958 4
2003 2
615 4
1586 2
97 3
174 1
2836 0
2691 2
3301 2
565 4
2165 3
1172 1
2420 4
432 0
3082 2
427 1
3158 0
1114 1
2936 0
2212 2
2433 5
552 2
2361 4
1200 0
1155 3
646 2
1325 1
1761 2
1179 5
933 1
699 1
2865 1
909 0
1061 2
2043 2
2930 0
1610 3
3132 3
1263 4
1868 3
1369 4
1947 4
474 0
259 4
1386 2
1413 4
1539 4
2179 5
192 1
3305 5
1332 5
1750 2
333 2
751 3
2552 2
403 2
636 5
2191 2
655 3
2753 2
2532 4
1699 4
1339 2
1009 4
668 0
639 5
1840 2
837 1
2083 4
2660 1
1759 4
2644 2
1423 4
3190 1
1494 2
2317 5
1465 2
2287 4
2755 3
2297 1
203 2
2957 2
910 5
2025 1
990 4
1653 4
2061 3
143 4
718 2
567 4
2431 3
1204 3
262 1
3216 4
517 2
1525 0
1106 2
865 4
1986 1
1137 2
2606 0
3291 4
2780 3
1595 2
3141 2
2035 2
985 3
3249 0
815 3
3195 2
1902 3
2619 2
532 1
2735 2
2852 4
1801 2
643 2
1636 1
2186 0
1094 2
535 3
2373 2
2315 4
2937 2
2195 4
1615 2
1460 2
202 1
2038 3
2796 2
1932 1
280 3
70 0
1317 2
3172 4
994 2
381 2
2270 3
3296 4
3058 2
416 2
1691 1
745 5
2881 0
2156 4
1348 2
621 5
1600 3
3038 0
2912 2
2050 1
2594 3
339 0
3308 2
1767 4
2251 2
2690 2
3118 2
2036 2
590 2
154 1
10 3
870 0
2562 4
2653 0
444 0
767 1
1281 4
579 2
2978 2
3032 4
693 3
2943 2
3028 1
1590 2
623 1
2313 4
329 4
149 1
3103 3
1573 2
1159 2
422 0
36 4
2291 2
2980 3
2567 1
932 0
3108 2
2412 2
295 0
1747 5
2573 0
2162 1
755 0
903 1
2983 4
896 1
1045 1
982 2
2759 3
827 1
2628 3
1041 2
2489 0
1190 4
3256 4
1532 4
1997 1
548 4
475 5
1875 5
2224 4
2245 2
897 4
3040 0
1723 2
75 3
798 5
266 2
2816 2
1657 2
2394 0
504 2
467 0
3010 4
1666 3
762 2
2104 2
1599 2
1011 3
2285 4
709 0
2953 2
2640 1
1319 4
1286 2
1283 5
2247 4
1609 2
1780 4
2977 2
2887 0
1995 5
1850 2
2559 4
3013 2
3134 2
316 5
931 1
1892 2
2115 2
1270 2
25 1
105 2
2250 5
3270 4
1527 4
2210 0
350 4
1019 4
2081 5
3011 4
1214 3
239 2
2715 4
813 2
1907 4
789 2
1799 2
1928 4
310 5
2014 2
663 2
1245 0
1753 2
236 2
754 5
3237 0
2630 3
2818 3
3138 3
2610 3
2971 5
1920 2
3288 1
2834 1
3033 1
1629 2
2509 2
2496 1
1118 4
2748 5
1001 2
1546 2
1819 3
2155 1
2772 1
3070 4
2229 2
1457 0
1526 4
1638 3
2878 3
851 2
2047 1
3263 0
2734 3
3054 3
2044 0
2464 2
694 2
2016 3
537 1
3277 4
1496 3
1491 2
2654 2
1449 4
2305 4
3126 0
2157 1
1138 0
2926 0
2661 4
409 1
700 4
19 3
159 2
1122 3
1623 1
1109 0
1814 2
2426 0
2354 2
435 4
3209 4
2714 2
568 1
1891 2
1362 1
1785 5
2332 1
1738 1
285 4
1016 4
473 1
60 1
2034 1
1966 1
2724 1
2188 2
1374 2
996 2
2008 1
963 0
2633 4
2206 3
2579 2
2086 2
1790 0
1365 2
3295 4
364 5
953 0
911 3
809 1
1572 4
774 0
3202 1
1998 0
1375 2
126 0
1740 2
2143 2
3063 5
2459 1
2241 1
1079 1
2448 2
2859 5
3152 5
1953 2
232 5
993 5
1562 2
2289 2
708 0
1378 2
1158 2
2142 2
3154 4
284 3
2706 2
1483 0
1999 1
2768 1
371 1
1897 3
569 2
2193 2
1391 2
983 2
1244 2
659 2
1984 5
1157 4
287 2
1468 3
2309 5
760 1
2578 3
3062 2
1608 2
857 2
900 1
1302 1
2886 2
1431 2
2782 2
133 2
3223 2
2100 1
2804 1
191 2
1419 3
2111 4
3262 4
1178 4
2392 2
234 5
2114 0
1752 2
2511 2
2265 4
677 1
487 5
3245 4
2604 2
3278 1
322 0
1030 2
2109 1
2059 5
937 2
2063 5
1860 2
2279 0
2875 3
2534 3
1466 4
1872 0
812 3
1968 2
185 2
2593 2
8 0
1080 2
2572 2
592 2
3233 1
703 2
129 3
2513 1
1697 1
1641 2
2164 1
3016 4
1406 2
2587 4
1123 0
429 2
175 2
2616 2
575 2
2235 2
587 3
1506 1
2262 4
613 5
3201 2
1645 1
980 2
1285 3
1693 4
1637 2
1218 2
2085 2
3176 1
577 4
595 1
1511 3
1223 2
3096 4
772 2
2933 2
1313 1
1795 1
1174 4
2152 4
3226 2
826 4
441 4
2127 2
119 4
2896 4
2716 2
1736 2
386 0
654 4
373 5
265 4
1224 5
1188 4
2607 4
1121 2
1303 4
701 2
2110 3
513 4
1811 4
1931 2
24 2
2636 2
2163 4
2595 4
869 4
458 5
533 1
2280 2
962 4
635 2
3159 2
1108 2
2854 2
332 4
2694 0
410 4
2624 5
1018 3
2207 1
2491 4
1857 0
530 0
566 5
2371 0
820 0
2121 3
3095 2
1440 2
784 3
1938 0
1598 2
443 2
2555 3
2844 5
538 2
1086 2
1757 1
2819 1
2437 2
946 3
2799 3
124 4
2911 4
74 1
1627 2
1509 1
1150 4
2951 2
1292 4
2627 1
1015 3
1167 2
1236 4
2733 2
3175 2
1963 5
2790 5
1144 2
3012 2
2756 1
2580 0
769 4
2802 1
3092 2
2161 2
1185 1
2026 2
2807 2
2434 2
401 2
1254 2
375 3
1583 2
73 1
453 2
1066 2
3213 2
2987 0
2119 3
1879 2
2470 3
61 3
99 1
130 5
2798 5
1952 3
2476 3
404 2
1502 3
2777 2
2007 3
885 1
298 1
1133 4
1425 1
466 5
2973 4
3079 0
1829 2
2883 5
1836 4
574 4
446 2
2788 3
2349 2
360 1
1855 3
1730 4
1662 4
1211 0
251 0
1148 0
1613 2
2512 2
1589 1
11 2
2118 4
3218 0
998 2
1760 5
1884 5
2112 2
1141 4
3048 2
2864 1
1459 2
3307 3
3078 1
3242 2
987 0
1048 3
1008 3
2659 2
1566 1
955 1
736 2
849 1
3075 3
2477 4
426 1
1446 1
2683 2
2150 3
2275 0
158 2
2549 2
1115 2
2097 0
1085 2
2453 3
2867 2
2299 2
3203 4
782 1
835 2
788 2
898 2
456 0
273 2
308 1
3173 2
1456 2
1500 1
64 3
478 0
1696 4
3071 2
35 5
2436 2
56 4
2244 1
1949 4
1478 3
2215 4
2905 2
1152 2
460 4
2463 2
2226 1
596 0
2876 4
407 1
1866 1
1587 2
2837 2
433 1
2089 2
2810 1
1681 1
1916 4
385 3
2749 2
2358 0
2822 0
939 0
495 3
692 5
3198 4
2760 2
1230 5
2685 3
706 2
2272 5
1709 1
2507 1
2322 2
803 5
1945 4
1358 5
739 1
1721 2
2989 1
2499 0
573 2
3240 4
2817 2
1002 2
1373 2
3143 2
389 5
925 0
3286 1
3165 2
1082 1
1017 5
367 4
879 3
3215 4
1519 4
2771 4
2641 0
1146 0
559 5
1081 3
68 1
1035 4
2173 3
2458 2
1161 5
2575 5
2961 0
1407 1
2495 5
2736 2
201 1
1728 2
1722 1
1818 2
1824 0
2758 5
2895 2
1089 3
2131 4
2406 5
30 4
2877 3
1977 2
1180 4
520 4
2015 0
1514 3
1717 4
1676 3
3056 3
1455 5
2278 1
1704 4
1605 2
211 3
1574 2
975 1
1735 1
2813 4
2169 1
2440 0
2781 2
1739 5
1029 3
242 1
118 3
3194 2
3116 1
197 2
1481 2
2416 3
2333 0
462 2
492 3
1323 4
2271 0
1576 2
241 4
3174 0
3042 3
2462 2
1438 2
250 3
1531 0
264 3
1719 0
2726 2
1588 1
2138 4
733 3
470 2
2900 1
730 0
1919 2
2845 1
3061 2
2048 2
1961 0
1322 1
2151 4
1266 4
2296 5
1842 4
3139 0
2600 5
747 3
648 3
620 2
1898 1
2079 2
1682 0
2941 0
2403 4
165 2
3 1
2964 2
534 0
676 1
1748 1
306 4
2767 3
2424 2
1909 2
1347 0
892 4
1129 3
144 2
2904 5
2765 4
1976 2
836 4
1555 2
1593 1
1547 3
2472 2
3297 2
2102 5
3156 2
2170 3
652 2
1393 1
1883 0
3150 2
821 4
3121 3
1978 2
824 4
601 1
1042 5
3039 5
2362 1
2935 1
948 1
256 1
2387 2
139 0
3303 5
1846 2
2993 0
550 3
3114 2
1915 5
2770 2
1221 0
319 0
1626 5
935 4
860 2
445 1
1501 1
1852 4
1239 4
2352 2
2972 5
283 1
2809 4
1487 5
1295 4
1955 4
1479 2
1784 5
622 5
2030 1
449 0
2103 2
161 0
1443 1
1361 1
457 3
1773 1
95 4
731 3
1851 2
2927 1
2858 1
326 2
2482 0
3231 2
3225 3
2182 0
2346 2
2835 3
894 1
80 2
2853 5
134 3
3115 0
650 4
3019 2
2866 4
2642 5
176 3
2504 0
2812 2
1264 3
2894 1
3026 1
479 5
1243 3
378 1
853 4
2284 3
2946 2
1647 2
1896 1
155 4
3214 0
1701 1
3227 2
23 1
1282 4
1655 4
3125 0
3098 3
1584 2
918 3
240 1
2328 0
1660 0
959 4
3112 1
2355 1
1705 4
2325 2
670 0
2655 0
2731 3
3065 1
400 4
2238 2
2481 5
644 1
1517 0
2344 2
2687 2
2662 0
2882 2
2254 3
1805 3
684 3
2965 3
2180 3
2471 0
1249 4
325 2
2986 1
1007 2
2564 4
1312 4
1585 4
977 2
2130 0
2060 4
2294 2
173 2
178 5
1940 1
1643 3
1807 4
431 5
468 3
272 0
682 1
584 4
3284 5
1614 0
1720 1
2543 1
1376 2
204 1
2414 2
3060 3
2754 3
1687 3
1484 5
344 1
1712 1
938 1
167 4
3167 2
1287 4
1421 4
2094 3
2586 2
2429 4
2669 0
1471 3
1552 3
1420 4
2116 4
786 2
392 4
142 5
3302 2
1941 5
781 4
1151 3
1612 1
2020 3
1783 2
1134 4
1469 2
578 5
1416 4
954 4
1798 3
2922 0
2339 4
349 2
1050 3
3137 4
1176 5
2228 2
3267 2
611 4
2988 3
2217 2
2176 3
1398 0
1014 3
2134 0
2531 4
2445 1
2963 5
423 2
1434 0
3238 4
1341 4
438 0
2945 5
2939 2
2189 5
2547 2
3091 0
3192 2
585 0
1320 2
1582 5
2913 1
1800 1
974 4
624 5
2879 2
1870 2
2348 0
2261 2
1277 3
908 3
1476 1
1934 4
2703 1
2178 2
59 0
2702 0
78 3
2995 3
1480 2
1062 2
1954 4
1059 4
1493 1
2784 2
5 4
518 4
525 3
1853 5
1889 1
2742 4
2185 2
2869 0
1611 2
589 3
3298 3
1371 5
2761 2
1054 4
1497 2
2620 1
3020 4
2200 2
1309 4
2540 4
735 3
1745 4
377 2
3146 4
1825 1
1635 3
902 1
1874 3
3269 1
2861 5
1293 4
1329 0
3275 2
890 5
3022 3
2981 1
1698 0
2168 1
1887 1
2609 0
1238 1
2205 4
2785 4
116 1
3292 2
3148 1
343 2
2921 4
2605 1
76 1
1005 1
1102 4
3310 0
1147 1
1427 4
286 2
2137 0
2311 5
1558 4
184 4
1809 0
1475 2
2438 3
3051 3
850 2
2855 2
1308 5
3009 4
2502 2
1444 3
3151 0
1499 1
1992 2
606 2
247 3
3052 4
1908 2
1521 3
3193 5
1206 1
891 2
2840 3
523 4
3135 1
1389 1
1675 3
1512 1
3254 3
1072 0
3199 1
152 0
496 3
3309 2
3294 0
2563 4
121 2
1661 1
2506 3
2775 1
1088 1
3300 5
3162 0
434 5
2225 0
989 2
966 2
1140 2
2638 0
607 0
2548 1
459 4
58 3
424 1
2979 2
1618 2
801 3
1036 1
2345 5
485 1
3166 2
2516 5
2635 2
1169 5
2582 0
2806 2
1112 3
1384 4
235 1
2368 3
109 3
3186 0
1769 3
2441 3
369 3
153 2
2783 2
2140 5
3220 1
1435 0
2701 1
991 1
2399 2
1776 0
570 4
2857 5
1673 1
1664 1
881 4
172 5
715 0
1733 3
1229 0
1706 4
2492 2
290 4
834 4
2737 4
971 1
2123 3
1342 0
1328 1
882 1
2211 1
2013 0
647 1
2320 2
2031 4
3122 0
675 1
883 0
3002 2
2920 3
32 3
2267 1
1810 3
151 2
2203 4
324 3
2693 2
3145 4
2054 0
2729 1
1987 3
1797 3
2286 2
2902 1
2889 1
1606 3
2514 1
7 3
107 5
226 4
3057 1
2975 0
1854 5
2204 0
1279 1
907 3
1957 4
2919 2
2698 0
1336 2
3072 3
1189 2
3221 2
455 3
1156 3
2744 5
558 2
992 1
2618 1
2632 2
162 2
2350 3
2994 4
2314 0
3034 2
3140 0
2255 3
2673 3
1668 1
1652 1
2848 4
2527 5
331 4
1248 3
1911 3
2821 4
554 1
2208 0
222 3
687 2
145 4
1758 2
1111 5
2300 3
2389 1
199 2
626 5
2303 3
1507 4
637 3
2789 3
1205 5
1032 1
2098 2
1275 2
1216 3
2197 3
2401 3
2001 1
1250 1
521 2
1580 2
1764 4
1349 1
594 1
1240 3
1621 3
3025 2
1220 0
610 4
2128 2
1737 2
2041 2
852 4
2493 2
609 3
1518 3
695 0
2888 2
768 0
2184 5
1451 2
2625 2
2258 5
551 4
528 1
1432 4
2423 2
490 1
1092 4
3053 1
642 4
47 2
2452 1
1305 5
2942 4
477 5
1186 0
2658 4
2484 4
2752 0
3287 1
545 4
3260 3
1397 0
725 0
110 5
182 4
3031 0
501 2
3099 3
2017 3
2976 0
1871 4
1988 4
2088 0
2497 4
2231 0
33 4
2880 0
1903 5
1233 5
88 1
452 4
3185 3
950 2
2645 1
207 0
3171 3
1324 1
321 2
2259 1
2485 2
2282 2
1284 2
1067 4
2629 3
65 4
2331 0
2776 1
1715 5
724 2
28 5
3177 4
1291 1
115 1
2419 2
334 1
493 5
3129 0
394 2
973 4
274 2
2849 0
2533 4
2391 1
3144 1
2682 3
2940 3
1568 4
3008 4
1592 2
2508 0
2093 2
1725 2
916 2
2107 3
3069 0
1120 5
366 3
2396 4
3276 0
527 0
1429 4
2908 1
1817 1
1665 3
338 1
1445 0
2194 2
1171 0
1274 3
756 3
792 2
454 3
679 4
3097 4
1670 4
540 3
2998 5
2129 4
2293 2
1417 1
2750 2
2639 1
2650 0
2388 2
3066 3
2326 4
1197 5
3187 0
503 1
89 3
764 2
127 4
3161 4
2786 0
1418 3
2283 4
2032 4
2648 1
1065 1
2266 0
1217 2
2427 1
2554 2
1579 1
3113 0
1273 2
625 3
2177 1
816 2
1252 4
1463 1
357 4
1856 4
1596 2
267 3
312 1
2791 0
783 4
3001 2
1181 5
831 0
1913 2
1020 3
1209 4
2327 4
3224 3
1923 2
1821 1
1830 5
771 4
2374 4
593 2
83 2
41 3
2004 0
2158 3
2663 2
1904 1
1804 2
67 2
2056 1
2124 4
2370 1
193 2
1663 2
2377 4
2588 3
2367 0
2147 0
440 1
2545 1
1316 0
2608 0
1104 3
1619 4
2992 1
2382 3
2617 5
1685 2
1726 2
2022 1
2679 3
3246 1
2967 3
2108 0
2248 2
1387 0
196 4
1139 1
3212 0
1865 0
1686 5
2551 2
829 4
808 5
1474 0
511 2
245 3
2428 2
2825 4
2751 5
2831 0
2146 0
3243 3
2766 5
469 2
2096 1
859 3
132 3
2917 2
702 0
254 0
2773 4
376 1
2918 5
163 4
823 1
1508 4
672 4
1914 2
3104 3
2897 5
2569 1
2570 1
3191 1
3041 0
219 0
1060 0
945 2
1946 2
289 2
2330 2
1177 2
1372 1
66 5
1684 2
1962 0
189 4
1096 0
2558 3
1577 3
2417 0
2028 4
2651 4
737 2
1234 4
807 1
3255 3
2695 2
216 2
2018 4
2444 0
1023 1
2405 2
669 5
231 2
2435 3
2862 0
2171 2
1490 1
1377 1
2522 1
1113 3
2023 5
1462 2
2029 4
3168 1
2794 2
1442 2
1405 0
3000 1
3023 2
1262 0
2893 4
1910 1
3232 0
2779 3
934 4
1563 2
1554 3
3222 0
13 3
2386 3
1649 2
2264 2
304 1
2747 1
927 4
1863 2
819 1
712 4
2490 0
1713 2
2611 5
2841 0
3081 2
1607 3
2792 2
117 3
690 2
2234 3
2678 2
3037 2
2076 1
2863 1
2778 3
101 1
491 0
2985 1
2738 2
114 4
337 4
1069 0
1632 1
3059 2
3235 1
1390 1
2914 4
2237 3
1936 2
3068 2
85 2
2011 5
1412 1
629 3
177 2
2065 4
1154 3
3164 0
875 4
307 0
681 1
3210 5
2269 3
614 5
2447 4
2820 1
1354 4
3003 2
147 0
867 5
1827 2
255 0
2183 2
141 1
1311 3
1545 2
510 0
1763 1
2469 2
856 2
2160 2
1215 2
2295 5
3119 0
1890 4
2932 0
2675 3
557 4
665 3
746 2
1939 3
1355 3
743 1
212 0
1260 4
1064 4
3127 4
1640 2
2095 4
248 1
42 2
1415 1
3128 4
2383 1
1126 2
2042 4
1843 1
539 4
3250 4
899 3
2916 4
618 1
2538 4
2101 3
2684 4
970 0
3110 0
1644 5
1271 3
597 1
1959 5
1625 4
1849 0
1142 2
1110 4
2700 4
1070 1
186 5
757 0
2378 4
1477 2
2323 1
1210 2
2145 2
209 3
2120 1
53 0
1084 1
858 2
1436 0
413 2
2510 0
1057 5
984 0
1027 0
2058 0
1424 2
498 2
2583 1
2850 1
92 1
2449 4
1251 0
1117 3
1363 0
2615 0
2763 2
2257 2
2240 1
561 4
486 2
773 0
300 3
3265 0
38 1
2954 2
3285 5
2335 4
22 5
1028 5
1869 1
210 2
1571 0
2039 2
2928 0
1495 3
2500 0
3111 0
2099 2
924 5
2316 5
1835 4
43 0
6 2
2483 2
1648 2
1107 0
1077 2
2227 5
421 5
218 1
318 3
3236 2
1237 2
3239 5
1771 3
1058 3
1335 0
1485 0
395 3
705 4
2132 2
1786 1
1714 2
3044 5
2505 0
785 1
969 3
964 2
3219 3
2944 1
225 5
1022 4
2666 0
841 1
2307 0
258 4
2395 3
4 2
949 4
3015 2
90 3
243 4
2027 1
830 2
744 4
2398 0
930 3
2591 3
3077 2
997 3
181 1
1410 3
2622 3
1340 3
542 1
536 2
713 5
2046 1
2890 0
1816 3
402 2
509 3
2292 0
2646 2
500 1
1231 2
194 4
2833 1
562 2
1149 1
1617 2
374 1
727 4
1575 3
776 4
1242 4
1162 4
1510 2
2671 3
2621 3
3036 5
1543 2
1160 2
666 3
388 1
2826 1
2566 3
1433 0
1033 0
84 3
838 1
1087 0
2113 4
1894 2
1505 5
3247 4
1307 2
1746 3
2652 0
958 4
1867 4
21 1
957 3
2066 0
1597 2
3282 3
1917 4
2962 4
2010 2
1793 2
3244 1
72 0
873 3
1765 3
217 4
1541 0
1116 2
689 0
2719 2
2681 1
1301 3
2827 0
1815 5
965 0
93 1
2873 2
2363 4
1289 4
1441 2
2670 2
2304 2
1802 1
507 4
1256 4
3180 5
674 4
1396 4
904 2
571 4
943 4
205 4
2991 3
1781 1
598 1
351 1
233 4
1930 1
137 2
524 1
845 1
1951 0
393 5
330 3
811 5
2446 2
1039 2
1290 1
1196 2
396 0
2473 1
2062 1
580 1
2851 2
1255 2
1658 1
817 2
2874 4
1766 3
1370 1
2442 4
749 1
1570 0
1351 0
2968 2
1537 1
148 1
2503 0
1604 1
3281 1
2432 3
1974 2
1538 3
3067 4
2556 4
1063 1
2019 2
2705 1
2329 5
3014 4
2530 0
1603 0
2222 1
420 1
1535 1
1331 1
166 3
2553 3
412 1
2557 0
2337 0
1672 1
2298 1
1567 2
600 5
2801 2
1130 4
2466 2
238 5
1345 1
866 2
602 0
294 4
2461 4
1901 4
1306 3
27 5
936 4
2219 3
2154 4
29 1
2623 2
1933 3
2319 3
1620 3
345 2
2243 1
923 5
1669 2
2762 3
282 2
1333 5
3073 2
346 5
2172 3
3102 4
2797 4
187 0
2379 1
368 2
227 0
967 2
3306 2
2634 3
1053 3
2535 3
111 0
91 3
98 3
1654 0
947 2
3178 2
3005 1
1299 1
3304 0
3170 0
1265 0
1549 1
383 3
1881 1
1458 2
1170 1
3204 4
1276 1
1297 4
320 0
3131 1
2415 1
138 1
3293 0
3271 0
1131 0
765 1
912 5
1364 2
2519 4
428 0
2053 1
968 1
1195 1
2033 1
1103 5
1929 2
2970 5
728 1
1198 2
1703 4
1796 5
221 3
2091 0
1581 3
1680 2
2828 5
671 0
2592 3
1880 1
1925 0
1969 5
1534 2
683 4
2220 5
1533 3
1269 2
710 3
1448 4
415 4
662 2
1288 4
2521 0
1550 4
2465 0
2390 1
1942 4
1136 3
2075 2
2842 3
103 1
2074 2
195 5
1367 2
1960 0
292 4
734 0
2153 2
2486 3
1926 4
2167 4
741 5
2515 2
800 0
168 1
1259 2
1097 5
1219 1
2938 2
921 0
2868 2
2233 0
2498 2
854 0
872 2
2376 3
1 4
1392 4
1956 2
583 2
843 1
555 0
268 0
2692 5
303 1
1246 4
941 2
1026 2
2546 5
1012 5
742 5
2 4
1165 0
2288 4
464 1
1294 1
3252 1
1742 1
2590 5
2199 0
81 1
2342 4
411 5
796 1
160 3
1399 1
2393 1
794 1
720 1
408 0
2929 2
2524 2
1304 0
2336 4
2999 2
543 1
48 0
2084 4
2906 0
1803 1
39 3
645 4
1808 0
512 4
2860 1
2073 1
1922 1
1192 2
2668 1
1882 4
2596 1
797 0
922 1
1718 2
1401 3
2069 2
1990 3
361 5
2727 2
1642 2
1044 3
2253 0
1052 4
2539 2
1602 1
2958 2
1624 1
2793 2
1228 2
1832 5
1073 1
656 3
190 5
299 0
1235 0
576 1
1330 0
1163 4
1692 2
100 4
2704 2
2574 4
347 1
2720 0
1338 1
2899 4
2697 1
1402 4
840 1
3169 3
3083 0
2236 3
1711 2
766 0
301 1
1540 2
2214 1
1656 4
2713 4
3087 5
62 2
3272 3
2343 2
2122 0
1828 2
1993 2
2407 1
2144 0
249 5
526 1
3253 0
215 4
123 0
2347 1
1565 2
451 0
2141 5
1994 2
2070 2
363 1
261 1
2730 0
484 0
3217 4
2480 2
370 1
3155 0
790 1
125 0
1899 2
761 5
3184 4
641 3
448 4
886 1
546 1
2408 0
878 3
1791 1
3130 4
2360 5
560 0
1105 4
833 0
87 1
1124 2
920 0
1751 0
2952 2
2133 0
430 2
2077 3
1741 4
988 3
1498 1
3004 4
1775 0
2487 1
120 1
717 0
2400 0
2774 2
1553 1
1454 4
2106 5
436 4
1447 5
1095 0
2242 0
871 5
2808 2
497 4
906 2
1327 2
2364 2
269 2
726 4
2529 1
1091 0
46 2
1659 4
2159 2
102 1
399 1
1888 4
1145 1
340 1
2057 1
599 0
1831 2
2764 3
328 4
1318 2
1702 2
2276 5
2870 3
976 1
3205 1
1503 3
2598 3
1734 4
2021 1
2528 4
277 1
476 1
740 1
2213 5
3268 2
1403 1
1343 1
1486 0
1601 1
113 0
649 3
1774 0
1184 2
342 4
1639 1
929 0
257 5
942 0
2571 3
1694 4
3208 1
336 0
1350 1
2676 1
1631 0
2843 0
1792 1
1677 4
1762 3
169 2
224 3
2216 1
2740 0
1551 0
719 2
1426 1
52 4
362 2
3094 2
1225 5
981 4
198 2
2318 0
2290 1
463 1
229 4
335 1
16 1
156 0
